0.11042 0.00000 0.11042 0.00000
0.00000 1.00000 -0.03711 1.73205
-0.04602 2.00000 -0.06054 3.46410
-0.05601 3.00000 -0.06791 5.19615
-0.06413 4.00000 -0.07138 6.92820
-0.06683 5.00000 -0.07326 8.66025
-0.06997 6.00000 -0.07435 10.39230
-0.07089 7.00000 -0.07500 12.12436
-0.07238 8.00000 -0.07539 13.85641
-0.07245 9.00000 -0.07559 15.58846
-0.07306 10.00000 -0.07565 17.32051
-0.07245 11.00000 -0.07559 19.05256
-0.07238 12.00000 -0.07539 20.78461
-0.07089 13.00000 -0.07500 22.51666
-0.06997 14.00000 -0.07435 24.24871
-0.06683 15.00000 -0.07326 25.98076
-0.06413 16.00000 -0.07138 27.71281
-0.05601 17.00000 -0.06791 29.44486
-0.04602 18.00000 -0.06054 31.17691
0.00000 19.00000 -0.03711 32.90897
