0.03911 0.00000 0.03911 0.00000
0.01151 0.50000 0.00223 0.86603
0.00000 1.00000 -0.00363 1.73205
-0.00250 1.50000 -0.00547 2.59808
-0.00453 2.00000 -0.00634 3.46410
-0.00520 2.50000 -0.00681 4.33013
-0.00599 3.00000 -0.00708 5.19615
-0.00622 3.50000 -0.00725 6.06218
-0.00659 4.00000 -0.00734 6.92820
-0.00661 4.50000 -0.00739 7.79423
-0.00676 5.00000 -0.00741 8.66025
-0.00661 5.50000 -0.00739 9.52628
-0.00659 6.00000 -0.00734 10.39230
-0.00622 6.50000 -0.00725 11.25833
-0.00599 7.00000 -0.00708 12.12436
-0.00520 7.50000 -0.00681 12.99038
-0.00453 8.00000 -0.00634 13.85641
-0.00250 8.50000 -0.00547 14.72243
0.00000 9.00000 -0.00363 15.58846
0.01151 9.50000 0.00223 16.45448
