0.00712 0.00000 0.00712 0.00000
0.00270 0.20000 0.00121 0.34641
0.00086 0.40000 0.00027 0.69282
0.00045 0.60000 -0.00004 1.03923
0.00012 0.80000 -0.00019 1.38564
0.00000 1.00000 -0.00028 1.73205
-0.00013 1.20000 -0.00034 2.07846
-0.00019 1.40000 -0.00038 2.42487
-0.00026 1.60000 -0.00041 2.77128
-0.00029 1.80000 -0.00044 3.11769
-0.00033 2.00000 -0.00045 3.46410
-0.00035 2.20000 -0.00047 3.81051
-0.00038 2.40000 -0.00048 4.15692
-0.00040 2.60000 -0.00049 4.50333
-0.00042 2.80000 -0.00050 4.84974
-0.00042 3.00000 -0.00050 5.19615
-0.00044 3.20000 -0.00051 5.54256
-0.00045 3.40000 -0.00051 5.88897
-0.00046 3.60000 -0.00051 6.23538
-0.00046 3.80000 -0.00052 6.58179
-0.00047 4.00000 -0.00052 6.92820
-0.00047 4.20000 -0.00052 7.27461
-0.00048 4.40000 -0.00052 7.62102
-0.00047 4.60000 -0.00052 7.96743
-0.00048 4.80000 -0.00052 8.31384
-0.00048 5.00000 -0.00052 8.66025
-0.00048 5.20000 -0.00052 9.00666
-0.00047 5.40000 -0.00052 9.35307
-0.00048 5.60000 -0.00052 9.69948
-0.00047 5.80000 -0.00052 10.04589
-0.00047 6.00000 -0.00052 10.39230
-0.00046 6.20000 -0.00052 10.73872
-0.00046 6.40000 -0.00051 11.08513
-0.00045 6.60000 -0.00051 11.43154
-0.00044 6.80000 -0.00051 11.77795
-0.00042 7.00000 -0.00050 12.12436
-0.00042 7.20000 -0.00050 12.47077
-0.00040 7.40000 -0.00049 12.81718
-0.00038 7.60000 -0.00048 13.16359
-0.00035 7.80000 -0.00047 13.51000
-0.00033 8.00000 -0.00045 13.85641
-0.00029 8.20000 -0.00044 14.20282
-0.00026 8.40000 -0.00041 14.54923
-0.00019 8.60000 -0.00038 14.89564
-0.00013 8.80000 -0.00034 15.24205
0.00000 9.00000 -0.00028 15.58846
0.00012 9.20000 -0.00019 15.93487
0.00045 9.40000 -0.00004 16.28128
0.00086 9.60000 0.00027 16.62769
0.00270 9.80000 0.00121 16.97410
