-1.73420e+00  9.03700e-01
-1.74500e+00  9.11550e-01
-1.75290e+00  9.14600e-01
-1.73980e+00  9.07550e-01
-1.73900e+00  9.10250e-01
-1.73460e+00  9.07750e-01
-1.74880e+00  9.12050e-01
-1.74510e+00  9.14100e-01
-1.73590e+00  9.07900e-01
-1.73210e+00  9.04450e-01
-1.73590e+00  9.06550e-01
-1.76310e+00  9.23150e-01
-1.74190e+00  9.07100e-01
-1.74630e+00  9.08600e-01
-1.74620e+00  9.16050e-01
-1.75860e+00  9.17450e-01
-1.73970e+00  9.09250e-01
-1.73670e+00  9.08500e-01
-1.74620e+00  9.11450e-01
-1.73540e+00  9.08750e-01
-1.74450e+00  9.12000e-01
-1.72680e+00  9.04550e-01
-1.75750e+00  9.17000e-01
-1.75740e+00  9.20100e-01
-1.75030e+00  9.14700e-01
-1.73690e+00  9.08550e-01
-1.74910e+00  9.15100e-01
-1.74190e+00  9.03800e-01
-1.73180e+00  9.04100e-01
-1.73960e+00  9.06550e-01
-1.74070e+00  9.10600e-01
-1.74620e+00  9.09950e-01
-1.74500e+00  9.09050e-01
-1.74540e+00  9.11350e-01
-1.73540e+00  9.08800e-01
-1.74210e+00  9.14000e-01
-1.74480e+00  9.09250e-01
-1.74230e+00  9.10500e-01
-1.75220e+00  9.15800e-01
-1.74420e+00  9.11250e-01
-1.74160e+00  9.09100e-01
-1.74090e+00  9.11650e-01
-1.73430e+00  9.03000e-01
-1.74610e+00  9.13900e-01
-1.74180e+00  9.12450e-01
-1.73050e+00  9.04100e-01
-1.73840e+00  9.07700e-01
-1.74860e+00  9.16150e-01
-1.76300e+00  9.22100e-01
-1.74310e+00  9.11250e-01
-1.74320e+00  9.11850e-01
-1.74990e+00  9.14400e-01
-1.74200e+00  9.10150e-01
-1.75350e+00  9.16900e-01
-1.74390e+00  9.13450e-01
-1.73230e+00  9.01150e-01
-1.73940e+00  9.07900e-01
-1.74580e+00  9.12900e-01
-1.73510e+00  9.10700e-01
-1.75440e+00  9.14500e-01
-1.74030e+00  9.11750e-01
-1.74510e+00  9.10300e-01
-1.74000e+00  9.09100e-01
-1.76140e+00  9.17100e-01
-1.73700e+00  9.11550e-01
-1.74240e+00  9.11150e-01
-1.75200e+00  9.13400e-01
-1.75440e+00  9.14850e-01
-1.73730e+00  9.05900e-01
-1.74150e+00  9.07200e-01
-1.74320e+00  9.05700e-01
-1.75750e+00  9.14550e-01
-1.73810e+00  9.08800e-01
-1.73330e+00  9.06550e-01
-1.73880e+00  9.07700e-01
-1.74820e+00  9.13700e-01
-1.74740e+00  9.10250e-01
-1.73500e+00  9.03250e-01
-1.74510e+00  9.10700e-01
-1.75410e+00  9.16700e-01
-1.74000e+00  9.07450e-01
-1.73550e+00  9.08650e-01
-1.75360e+00  9.16300e-01
-1.73280e+00  9.07200e-01
-1.74820e+00  9.12850e-01
-1.74190e+00  9.12350e-01
-1.75120e+00  9.17100e-01
-1.74640e+00  9.13500e-01
-1.73220e+00  9.04950e-01
-1.75060e+00  9.12950e-01
-1.73900e+00  9.09700e-01
-1.73290e+00  9.01750e-01
-1.75910e+00  9.16700e-01
-1.74980e+00  9.13600e-01
-1.74480e+00  9.11200e-01
-1.74900e+00  9.12850e-01
-1.74120e+00  9.07650e-01
-1.72490e+00  9.04450e-01
-1.74030e+00  9.06300e-01
-1.75020e+00  9.11200e-01
-1.74520e+00  9.11300e-01
-1.75190e+00  9.14950e-01
-1.74730e+00  9.09900e-01
-1.73570e+00  9.04750e-01
-1.74930e+00  9.13750e-01
-1.74330e+00  9.11100e-01
-1.74200e+00  9.09100e-01
-1.73060e+00  9.02200e-01
-1.74190e+00  9.12600e-01
-1.74230e+00  9.11300e-01
-1.73860e+00  9.10200e-01
-1.74180e+00  9.11150e-01
-1.74910e+00  9.11950e-01
-1.73430e+00  9.06950e-01
-1.74520e+00  9.13450e-01
-1.73550e+00  9.08650e-01
-1.75860e+00  9.11100e-01
-1.73290e+00  9.03850e-01
-1.74870e+00  9.10550e-01
-1.74550e+00  9.11650e-01
-1.73290e+00  9.09600e-01
-1.73440e+00  9.07150e-01
-1.75330e+00  9.15450e-01
-1.74180e+00  9.10550e-01
-1.74220e+00  9.07650e-01
-1.75540e+00  9.13450e-01
-1.74980e+00  9.16250e-01
-1.74510e+00  9.15100e-01
-1.73150e+00  9.03300e-01
-1.75980e+00  9.17400e-01
-1.73510e+00  9.09200e-01
-1.74170e+00  9.08850e-01
-1.73510e+00  9.06000e-01
-1.74800e+00  9.12300e-01
-1.76540e+00  9.20000e-01
-1.72030e+00  9.02150e-01
-1.74910e+00  9.10950e-01
-1.75710e+00  9.14050e-01
-1.74200e+00  9.09500e-01
-1.74950e+00  9.13600e-01
-1.75200e+00  9.14950e-01
-1.74130e+00  9.11450e-01
-1.75100e+00  9.12450e-01
-1.74470e+00  9.08950e-01
-1.74300e+00  9.09900e-01
-1.76600e+00  9.19700e-01
-1.75230e+00  9.16050e-01
-1.74060e+00  9.06400e-01
-1.73600e+00  9.08700e-01
-1.73410e+00  9.05550e-01
-1.74160e+00  9.09750e-01
-1.73670e+00  9.07050e-01
-1.74520e+00  9.11350e-01
-1.75080e+00  9.13700e-01
-1.74480e+00  9.10950e-01
-1.73100e+00  9.06850e-01
-1.74220e+00  9.08200e-01
-1.72590e+00  9.00250e-01
-1.74350e+00  9.10000e-01
-1.75430e+00  9.14350e-01
-1.75770e+00  9.16650e-01
-1.73350e+00  9.06200e-01
-1.74160e+00  9.08100e-01
-1.74960e+00  9.12900e-01
-1.75840e+00  9.16850e-01
-1.74910e+00  9.13150e-01
-1.76860e+00  9.21900e-01
-1.73930e+00  9.08750e-01
-1.75430e+00  9.14150e-01
-1.75040e+00  9.14550e-01
-1.74750e+00  9.09150e-01
-1.74340e+00  9.08250e-01
-1.75370e+00  9.18950e-01
-1.73370e+00  9.05300e-01
-1.74560e+00  9.11500e-01
-1.75360e+00  9.12800e-01
-1.74860e+00  9.15050e-01
-1.74960e+00  9.14800e-01
-1.76030e+00  9.18300e-01
-1.73960e+00  9.08300e-01
-1.72940e+00  9.08300e-01
-1.74180e+00  9.07900e-01
-1.74030e+00  9.08650e-01
-1.74500e+00  9.10200e-01
-1.74050e+00  9.08050e-01
-1.74110e+00  9.13050e-01
-1.76860e+00  9.23800e-01
-1.74640e+00  9.12900e-01
-1.73960e+00  9.07750e-01
-1.77010e+00  9.22500e-01
-1.75820e+00  9.16900e-01
-1.73950e+00  9.09450e-01
-1.73550e+00  9.07800e-01
-1.74270e+00  9.11850e-01
-1.75080e+00  9.10500e-01
-1.74190e+00  9.05500e-01
-1.74060e+00  9.07450e-01
-1.75760e+00  9.15050e-01
-1.74700e+00  9.12250e-01
-1.73940e+00  9.05650e-01
-1.74450e+00  9.09450e-01
-1.72980e+00  9.01200e-01
-1.74380e+00  9.13100e-01
-1.73190e+00  9.05000e-01
-1.75140e+00  9.12400e-01
-1.74800e+00  9.12150e-01
-1.73820e+00  9.09150e-01
-1.73550e+00  9.06500e-01
-1.74260e+00  9.10950e-01
-1.73090e+00  9.04550e-01
-1.74140e+00  9.10400e-01
-1.73170e+00  9.03650e-01
-1.73920e+00  9.11150e-01
-1.75550e+00  9.15900e-01
-1.73930e+00  9.11250e-01
-1.74000e+00  9.07250e-01
-1.74020e+00  9.09400e-01
-1.74830e+00  9.13750e-01
-1.75770e+00  9.19800e-01
-1.76780e+00  9.24450e-01
-1.75270e+00  9.13700e-01
-1.74750e+00  9.14500e-01
-1.74670e+00  9.10650e-01
-1.74580e+00  9.12500e-01
-1.76300e+00  9.19550e-01
-1.74210e+00  9.09950e-01
-1.74860e+00  9.09550e-01
-1.75190e+00  9.13300e-01
-1.75920e+00  9.18050e-01
-1.74500e+00  9.07250e-01
-1.74640e+00  9.12300e-01
-1.73620e+00  9.08400e-01
-1.75180e+00  9.16300e-01
-1.74960e+00  9.13750e-01
-1.75780e+00  9.17400e-01
-1.75450e+00  9.15750e-01
-1.73730e+00  9.09450e-01
-1.76310e+00  9.18250e-01
-1.73560e+00  9.03450e-01
-1.75280e+00  9.08550e-01
-1.74320e+00  9.08750e-01
-1.73430e+00  9.06100e-01
-1.75570e+00  9.13750e-01
-1.73820e+00  9.05800e-01
-1.75180e+00  9.11300e-01
-1.73860e+00  9.05350e-01
-1.73800e+00  9.12800e-01
-1.75350e+00  9.15150e-01
-1.75550e+00  9.19300e-01
-1.72840e+00  9.03600e-01
-1.74920e+00  9.13700e-01
-1.74700e+00  9.15600e-01
-1.73870e+00  9.05300e-01
-1.74720e+00  9.12050e-01
-1.75770e+00  9.17750e-01
-1.75410e+00  9.13850e-01
-1.73980e+00  9.11200e-01
-1.73830e+00  9.07100e-01
-1.74510e+00  9.06250e-01
-1.72510e+00  9.00550e-01
-1.72980e+00  9.03200e-01
-1.72760e+00  8.97300e-01
-1.73010e+00  9.04250e-01
-1.73510e+00  9.04800e-01
-1.73930e+00  9.12100e-01
-1.73780e+00  9.05800e-01
-1.75360e+00  9.17050e-01
-1.74940e+00  9.09950e-01
-1.75660e+00  9.11800e-01
-1.74540e+00  9.13050e-01
-1.74600e+00  9.09700e-01
-1.72610e+00  9.01950e-01
-1.74740e+00  9.10850e-01
-1.74000e+00  9.09550e-01
-1.74550e+00  9.13800e-01
-1.73970e+00  9.09800e-01
-1.72260e+00  8.98750e-01
-1.73590e+00  9.00600e-01
-1.74810e+00  9.11900e-01
-1.74140e+00  9.11000e-01
-1.73140e+00  9.04300e-01
-1.73680e+00  9.07100e-01
-1.74600e+00  9.08950e-01
-1.75450e+00  9.17650e-01
-1.74820e+00  9.12900e-01
-1.73190e+00  9.04100e-01
-1.75200e+00  9.14350e-01
-1.73930e+00  9.05450e-01
-1.75180e+00  9.16600e-01
-1.73560e+00  9.08300e-01
-1.73990e+00  9.08600e-01
-1.75230e+00  9.13000e-01
-1.73520e+00  9.06300e-01
-1.76680e+00  9.21850e-01
-1.73000e+00  9.04800e-01
-1.74620e+00  9.07450e-01
-1.73640e+00  9.10650e-01
-1.75370e+00  9.13600e-01
-1.74600e+00  9.13050e-01
-1.74960e+00  9.15150e-01
-1.75230e+00  9.16200e-01
-1.74620e+00  9.10500e-01
-1.74570e+00  9.09100e-01
-1.76050e+00  9.18100e-01
-1.74980e+00  9.13400e-01
-1.75130e+00  9.13600e-01
-1.73940e+00  9.08950e-01
-1.75260e+00  9.15600e-01
-1.74360e+00  9.11200e-01
-1.74230e+00  9.10150e-01
-1.75250e+00  9.13050e-01
-1.74570e+00  9.11150e-01
-1.74710e+00  9.06850e-01
-1.73500e+00  9.06300e-01
-1.75600e+00  9.16200e-01
-1.74990e+00  9.14350e-01
-1.76340e+00  9.19550e-01
-1.74900e+00  9.13750e-01
-1.74830e+00  9.15400e-01
-1.72550e+00  9.02100e-01
-1.77430e+00  9.25300e-01
-1.75310e+00  9.14500e-01
-1.75120e+00  9.14800e-01
-1.74060e+00  9.07450e-01
-1.75440e+00  9.14050e-01
-1.75590e+00  9.16000e-01
-1.73840e+00  9.06300e-01
-1.74800e+00  9.08750e-01
-1.74950e+00  9.12900e-01
-1.75230e+00  9.10900e-01
-1.73770e+00  9.08050e-01
-1.75120e+00  9.12700e-01
-1.73420e+00  9.01350e-01
-1.74820e+00  9.11100e-01
-1.74770e+00  9.13700e-01
-1.73900e+00  9.05450e-01
-1.74650e+00  9.13950e-01
-1.75270e+00  9.16450e-01
-1.75530e+00  9.16200e-01
-1.74450e+00  9.09100e-01
-1.74090e+00  9.09300e-01
-1.75330e+00  9.15900e-01
-1.74160e+00  9.12500e-01
-1.75190e+00  9.13800e-01
-1.74490e+00  9.10450e-01
-1.74460e+00  9.11650e-01
-1.73150e+00  9.05250e-01
-1.75300e+00  9.12900e-01
-1.75360e+00  9.13700e-01
-1.74280e+00  9.11550e-01
-1.73500e+00  9.05650e-01
-1.74920e+00  9.15300e-01
-1.72730e+00  9.04500e-01
-1.75420e+00  9.16400e-01
-1.72600e+00  9.05400e-01
-1.75470e+00  9.17600e-01
-1.75320e+00  9.16200e-01
-1.76140e+00  9.19800e-01
-1.73530e+00  9.02450e-01
-1.75260e+00  9.12650e-01
-1.75000e+00  9.08900e-01
-1.75330e+00  9.16250e-01
-1.73180e+00  9.06400e-01
-1.73510e+00  9.04850e-01
-1.73380e+00  9.08450e-01
-1.74150e+00  9.11650e-01
-1.74540e+00  9.09600e-01
-1.74940e+00  9.14300e-01
-1.73860e+00  9.05950e-01
-1.74350e+00  9.09500e-01
-1.75180e+00  9.13900e-01
-1.76280e+00  9.19500e-01
-1.74240e+00  9.11300e-01
-1.74680e+00  9.09600e-01
-1.73170e+00  9.06550e-01
-1.74740e+00  9.15800e-01
-1.75980e+00  9.15050e-01
-1.74660e+00  9.11050e-01
-1.74960e+00  9.15200e-01
-1.73740e+00  9.09300e-01
-1.73570e+00  9.05700e-01
-1.74510e+00  9.14000e-01
-1.74120e+00  9.10550e-01
-1.73730e+00  9.06300e-01
-1.74790e+00  9.10900e-01
-1.75530e+00  9.19250e-01
-1.74130e+00  9.08950e-01
-1.74170e+00  9.09450e-01
-1.75500e+00  9.15650e-01
-1.74330e+00  9.07750e-01
-1.74570e+00  9.09850e-01
-1.74620e+00  9.13100e-01
-1.74960e+00  9.12000e-01
-1.75410e+00  9.12750e-01
-1.75630e+00  9.13150e-01
-1.74160e+00  9.08550e-01
-1.74650e+00  9.13350e-01
-1.74820e+00  9.15000e-01
-1.75590e+00  9.17200e-01
-1.73580e+00  9.07600e-01
-1.74150e+00  9.12050e-01
-1.74340e+00  9.07100e-01
-1.73780e+00  9.06250e-01
-1.73530e+00  9.06750e-01
-1.74540e+00  9.11400e-01
-1.74070e+00  9.07350e-01
-1.74230e+00  9.08850e-01
-1.76380e+00  9.17550e-01
-1.75750e+00  9.18150e-01
-1.75150e+00  9.16400e-01
-1.76710e+00  9.21250e-01
-1.74290e+00  9.12350e-01
-1.75550e+00  9.16350e-01
-1.74400e+00  9.11100e-01
-1.75030e+00  9.11150e-01
-1.73920e+00  9.08200e-01
-1.72730e+00  9.00950e-01
-1.75770e+00  9.11900e-01
-1.75850e+00  9.18600e-01
-1.74770e+00  9.14200e-01
-1.74390e+00  9.12050e-01
-1.74550e+00  9.11100e-01
-1.74500e+00  9.12650e-01
-1.74170e+00  9.06150e-01
-1.73890e+00  9.08450e-01
-1.73970e+00  9.12250e-01
-1.74170e+00  9.08850e-01
-1.74960e+00  9.14550e-01
-1.73900e+00  9.06550e-01
-1.73910e+00  9.08650e-01
-1.73950e+00  9.08600e-01
-1.74530e+00  9.10200e-01
-1.73820e+00  9.09100e-01
-1.73630e+00  9.10400e-01
-1.74320e+00  9.10450e-01
-1.74150e+00  9.07550e-01
-1.74880e+00  9.11750e-01
-1.74420e+00  9.09250e-01
-1.74260e+00  9.10450e-01
-1.74510e+00  9.10500e-01
-1.75090e+00  9.12200e-01
-1.74190e+00  9.11350e-01
-1.75130e+00  9.17300e-01
-1.74200e+00  9.07500e-01
-1.75940e+00  9.16650e-01
-1.74660e+00  9.11200e-01
-1.74280e+00  9.12350e-01
-1.76050e+00  9.18800e-01
-1.72810e+00  9.00850e-01
-1.73550e+00  9.01800e-01
-1.74520e+00  9.09500e-01
-1.73680e+00  9.10550e-01
-1.73090e+00  9.06150e-01
-1.76130e+00  9.21550e-01
-1.74020e+00  9.07500e-01
-1.75340e+00  9.15850e-01
-1.75110e+00  9.11550e-01
-1.74670e+00  9.09450e-01
-1.74620e+00  9.14800e-01
-1.73500e+00  9.07550e-01
-1.73620e+00  9.08600e-01
-1.75030e+00  9.10550e-01
-1.74420e+00  9.08700e-01
-1.75280e+00  9.13300e-01
-1.74700e+00  9.13250e-01
-1.76080e+00  9.15100e-01
-1.74220e+00  9.11150e-01
-1.75420e+00  9.16050e-01
-1.73220e+00  9.07900e-01
-1.74950e+00  9.12350e-01
-1.73590e+00  9.02600e-01
-1.73760e+00  9.03800e-01
-1.74200e+00  9.12800e-01
-1.74760e+00  9.13100e-01
-1.76190e+00  9.16300e-01
-1.75710e+00  9.13600e-01
-1.75490e+00  9.14300e-01
-1.74310e+00  9.11700e-01
-1.74490e+00  9.09250e-01
-1.74970e+00  9.10650e-01
-1.73840e+00  9.06050e-01
-1.73590e+00  9.08250e-01
-1.75660e+00  9.19350e-01
-1.75400e+00  9.14850e-01
-1.74720e+00  9.13800e-01
-1.74510e+00  9.11650e-01
-1.73630e+00  9.09300e-01
-1.74990e+00  9.12200e-01
-1.73840e+00  9.09650e-01
-1.75020e+00  9.14200e-01
-1.75550e+00  9.13550e-01
-1.73850e+00  9.09700e-01
-1.75510e+00  9.17150e-01
-1.76760e+00  9.22600e-01
-1.72840e+00  9.00550e-01
-1.74230e+00  9.09950e-01
-1.75340e+00  9.14550e-01
-1.74890e+00  9.10350e-01
-1.74120e+00  9.08450e-01
-1.75400e+00  9.13250e-01
-1.73980e+00  9.06800e-01
-1.74050e+00  9.09550e-01
-1.74030e+00  9.09000e-01
-1.73260e+00  9.06100e-01
-1.73360e+00  9.07000e-01
-1.75270e+00  9.13900e-01
-1.74770e+00  9.14550e-01
-1.76630e+00  9.21250e-01
-1.74300e+00  9.09600e-01
-1.73940e+00  9.09550e-01
-1.75460e+00  9.17850e-01
-1.74600e+00  9.11200e-01
-1.73440e+00  9.06450e-01
-1.75260e+00  9.13200e-01
-1.75320e+00  9.12600e-01
-1.75520e+00  9.17000e-01
-1.74880e+00  9.14600e-01
-1.73910e+00  9.10850e-01
-1.73570e+00  9.02450e-01
-1.73790e+00  9.10600e-01
-1.74980e+00  9.14400e-01
-1.72560e+00  8.99700e-01
-1.75290e+00  9.13900e-01
-1.74710e+00  9.14400e-01
-1.74180e+00  9.12800e-01
-1.74070e+00  9.09800e-01
-1.73940e+00  9.11200e-01
-1.74500e+00  9.13550e-01
-1.74040e+00  9.09350e-01
-1.73860e+00  9.11350e-01
-1.73660e+00  9.07600e-01
-1.74300e+00  9.09300e-01
-1.75880e+00  9.11050e-01
-1.76150e+00  9.18300e-01
-1.74540e+00  9.09350e-01
-1.75170e+00  9.14300e-01
-1.74360e+00  9.10650e-01
-1.73890e+00  9.10450e-01
-1.73750e+00  9.08200e-01
-1.74800e+00  9.13000e-01
-1.74300e+00  9.11800e-01
-1.74440e+00  9.11550e-01
-1.74680e+00  9.10800e-01
-1.74950e+00  9.08150e-01
-1.75220e+00  9.15150e-01
-1.75570e+00  9.18000e-01
-1.75180e+00  9.13950e-01
-1.74620e+00  9.13650e-01
-1.75900e+00  9.17450e-01
-1.75010e+00  9.13200e-01
-1.75330e+00  9.18150e-01
-1.74160e+00  9.12250e-01
-1.75020e+00  9.14450e-01
-1.74440e+00  9.12400e-01
-1.74930e+00  9.13100e-01
-1.75280e+00  9.13600e-01
-1.76140e+00  9.20300e-01
-1.74300e+00  9.08900e-01
-1.75330e+00  9.15650e-01
-1.73640e+00  9.06500e-01
-1.72680e+00  9.02300e-01
-1.74300e+00  9.07000e-01
-1.73040e+00  9.02400e-01
-1.73860e+00  9.05000e-01
-1.72960e+00  9.05050e-01
-1.74970e+00  9.12250e-01
-1.73690e+00  9.06850e-01
-1.74150e+00  9.10700e-01
-1.74530e+00  9.13700e-01
-1.73750e+00  9.09850e-01
-1.73710e+00  9.09150e-01
-1.75060e+00  9.11900e-01
-1.72850e+00  8.96950e-01
-1.74870e+00  9.13100e-01
-1.73840e+00  9.09050e-01
-1.75220e+00  9.10050e-01
-1.73800e+00  9.06950e-01
-1.75160e+00  9.15750e-01
-1.73700e+00  9.07450e-01
-1.74030e+00  9.08550e-01
-1.75890e+00  9.20700e-01
-1.74210e+00  9.08550e-01
-1.74610e+00  9.10750e-01
-1.75840e+00  9.19800e-01
-1.73860e+00  9.08650e-01
-1.75920e+00  9.15650e-01
-1.75370e+00  9.14400e-01
-1.73940e+00  9.10450e-01
-1.74090e+00  9.12550e-01
-1.75080e+00  9.13350e-01
-1.74990e+00  9.15550e-01
-1.75120e+00  9.14400e-01
-1.73840e+00  9.10850e-01
-1.73650e+00  9.08600e-01
-1.74650e+00  9.15350e-01
-1.74710e+00  9.11950e-01
-1.75020e+00  9.14400e-01
-1.73310e+00  9.07500e-01
-1.74460e+00  9.11000e-01
-1.73860e+00  9.08100e-01
-1.74720e+00  9.11450e-01
-1.75120e+00  9.16050e-01
-1.73190e+00  9.08550e-01
-1.75190e+00  9.15350e-01
-1.74300e+00  9.09600e-01
-1.76120e+00  9.18300e-01
-1.72680e+00  9.03200e-01
-1.75750e+00  9.15850e-01
-1.73010e+00  9.02350e-01
-1.72860e+00  9.00500e-01
-1.74130e+00  9.09300e-01
-1.74730e+00  9.15250e-01
-1.73640e+00  9.11200e-01
-1.73860e+00  9.07550e-01
-1.73350e+00  9.01700e-01
-1.75300e+00  9.15900e-01
-1.75590e+00  9.18500e-01
-1.73000e+00  9.03600e-01
-1.72950e+00  8.99500e-01
-1.75050e+00  9.14900e-01
-1.74540e+00  9.08000e-01
-1.74920e+00  9.14500e-01
-1.74480e+00  9.09250e-01
-1.74630e+00  9.11550e-01
-1.73620e+00  9.05550e-01
-1.74800e+00  9.12150e-01
-1.75030e+00  9.10950e-01
-1.74170e+00  9.09550e-01
-1.73770e+00  9.09950e-01
-1.72620e+00  9.05400e-01
-1.73900e+00  9.06350e-01
-1.75370e+00  9.12150e-01
-1.74150e+00  9.08500e-01
-1.75260e+00  9.16100e-01
-1.73280e+00  9.06650e-01
-1.75180e+00  9.15500e-01
-1.74660e+00  9.12700e-01
-1.74580e+00  9.12600e-01
-1.74270e+00  9.10500e-01
-1.73780e+00  9.07100e-01
-1.74090e+00  9.10200e-01
-1.74450e+00  9.13300e-01
-1.75150e+00  9.15200e-01
-1.74810e+00  9.11400e-01
-1.74700e+00  9.10050e-01
-1.75800e+00  9.14600e-01
-1.72860e+00  9.02000e-01
-1.74300e+00  9.09350e-01
-1.75700e+00  9.16350e-01
-1.75260e+00  9.14000e-01
-1.73360e+00  9.10150e-01
-1.73940e+00  9.09150e-01
-1.74610e+00  9.12300e-01
-1.75700e+00  9.17150e-01
-1.75510e+00  9.16750e-01
-1.73560e+00  9.07400e-01
-1.76570e+00  9.21500e-01
-1.73550e+00  9.04800e-01
-1.74320e+00  9.10900e-01
-1.74650e+00  9.08800e-01
-1.74890e+00  9.08950e-01
-1.76040e+00  9.15650e-01
-1.74670e+00  9.08600e-01
-1.73180e+00  9.07800e-01
-1.74190e+00  9.06300e-01
-1.75440e+00  9.14550e-01
-1.76080e+00  9.18750e-01
-1.73830e+00  9.08100e-01
-1.74240e+00  9.08800e-01
-1.74430e+00  9.12250e-01
-1.73120e+00  9.06950e-01
-1.76080e+00  9.17350e-01
-1.75340e+00  9.12300e-01
-1.75930e+00  9.17050e-01
-1.73830e+00  9.07400e-01
-1.74240e+00  9.12000e-01
-1.74800e+00  9.12300e-01
-1.74110e+00  9.11000e-01
-1.74020e+00  9.11350e-01
-1.74840e+00  9.15250e-01
-1.74430e+00  9.10200e-01
-1.73400e+00  9.04400e-01
-1.73850e+00  9.10900e-01
-1.74370e+00  9.08300e-01
-1.73950e+00  9.10300e-01
-1.75500e+00  9.13650e-01
-1.74100e+00  9.09500e-01
-1.74460e+00  9.13000e-01
-1.74970e+00  9.12200e-01
-1.73210e+00  9.06450e-01
-1.74860e+00  9.14950e-01
-1.74580e+00  9.11250e-01
-1.75910e+00  9.14400e-01
-1.74340e+00  9.04650e-01
-1.74420e+00  9.11100e-01
-1.74200e+00  9.07800e-01
-1.74680e+00  9.09150e-01
-1.74540e+00  9.12950e-01
-1.74270e+00  9.10650e-01
-1.74800e+00  9.13650e-01
-1.73980e+00  9.04750e-01
-1.74280e+00  9.07300e-01
-1.73940e+00  9.10900e-01
-1.73310e+00  9.10000e-01
-1.73960e+00  9.07550e-01
-1.74230e+00  9.11650e-01
-1.75620e+00  9.17650e-01
-1.73850e+00  9.06250e-01
-1.75290e+00  9.13650e-01
-1.74480e+00  9.12450e-01
-1.75250e+00  9.16500e-01
-1.74200e+00  9.07850e-01
-1.74480e+00  9.10100e-01
-1.75080e+00  9.15550e-01
-1.74720e+00  9.12250e-01
-1.73930e+00  9.07600e-01
-1.75240e+00  9.11500e-01
-1.73720e+00  9.07500e-01
-1.75050e+00  9.13000e-01
-1.74490e+00  9.11400e-01
-1.73180e+00  9.07800e-01
-1.75540e+00  9.16300e-01
-1.74220e+00  9.09950e-01
-1.72660e+00  9.04500e-01
-1.74100e+00  9.09900e-01
-1.74230e+00  9.12200e-01
-1.74160e+00  9.11950e-01
-1.72930e+00  9.02400e-01
-1.73010e+00  9.03550e-01
-1.74760e+00  9.11300e-01
-1.74780e+00  9.13550e-01
-1.74310e+00  9.09800e-01
-1.74570e+00  9.15000e-01
-1.76090e+00  9.14450e-01
-1.75360e+00  9.16750e-01
-1.75110e+00  9.16500e-01
-1.73900e+00  9.06600e-01
-1.75750e+00  9.17000e-01
-1.73670e+00  9.06850e-01
-1.73500e+00  9.05250e-01
-1.74200e+00  9.10850e-01
-1.74200e+00  9.09400e-01
-1.73490e+00  9.07000e-01
-1.74620e+00  9.13350e-01
-1.75140e+00  9.15300e-01
-1.74170e+00  9.08100e-01
-1.74110e+00  9.12400e-01
-1.76020e+00  9.20500e-01
-1.73870e+00  9.07300e-01
-1.74970e+00  9.14600e-01
-1.74510e+00  9.06450e-01
-1.72800e+00  9.06000e-01
-1.74290e+00  9.05100e-01
-1.72760e+00  9.03350e-01
-1.74200e+00  9.10800e-01
-1.75990e+00  9.18000e-01
-1.75190e+00  9.16050e-01
-1.74330e+00  9.10300e-01
-1.75620e+00  9.11450e-01
-1.74620e+00  9.10550e-01
-1.74870e+00  9.14800e-01
-1.74580e+00  9.14100e-01
-1.73910e+00  9.09450e-01
-1.73930e+00  9.08050e-01
-1.73530e+00  9.03750e-01
-1.74650e+00  9.12150e-01
-1.74230e+00  9.11900e-01
-1.74310e+00  9.10450e-01
-1.74710e+00  9.12350e-01
-1.75080e+00  9.14700e-01
-1.73690e+00  9.07200e-01
-1.73970e+00  9.07950e-01
-1.75080e+00  9.14950e-01
-1.73350e+00  9.08150e-01
-1.73880e+00  9.08500e-01
-1.72720e+00  8.97950e-01
-1.73840e+00  9.09300e-01
-1.74900e+00  9.14900e-01
-1.75280e+00  9.09300e-01
-1.75350e+00  9.12350e-01
-1.73520e+00  9.06400e-01
-1.76070e+00  9.20200e-01
-1.73820e+00  9.09450e-01
-1.75090e+00  9.12550e-01
-1.73750e+00  9.07150e-01
-1.74410e+00  9.11450e-01
-1.75880e+00  9.16450e-01
-1.73140e+00  9.02850e-01
-1.74200e+00  9.05550e-01
-1.73570e+00  9.07350e-01
-1.74290e+00  9.09700e-01
-1.73200e+00  9.06300e-01
-1.74480e+00  9.09250e-01
-1.75210e+00  9.08250e-01
-1.75440e+00  9.11550e-01
-1.75260e+00  9.15600e-01
-1.74280e+00  9.09550e-01
-1.74000e+00  9.05800e-01
-1.75100e+00  9.10950e-01
-1.74090e+00  9.06550e-01
-1.74390e+00  9.11300e-01
-1.75190e+00  9.14750e-01
-1.73820e+00  9.08050e-01
-1.73680e+00  9.06600e-01
-1.75550e+00  9.14400e-01
-1.75920e+00  9.21750e-01
-1.75830e+00  9.20450e-01
-1.76010e+00  9.19200e-01
-1.74440e+00  9.12950e-01
-1.74040e+00  9.09850e-01
-1.74970e+00  9.12800e-01
-1.74010e+00  9.07950e-01
-1.74070e+00  9.07500e-01
-1.74430e+00  9.08100e-01
-1.74500e+00  9.13700e-01
-1.75260e+00  9.15500e-01
-1.75330e+00  9.16150e-01
-1.74550e+00  9.12600e-01
-1.76220e+00  9.17900e-01
-1.74040e+00  9.08850e-01
-1.74170e+00  9.09350e-01
-1.76020e+00  9.17200e-01
-1.75040e+00  9.13650e-01
-1.75070e+00  9.14400e-01
-1.74150e+00  9.11650e-01
-1.74610e+00  9.12750e-01
-1.73310e+00  9.05850e-01
-1.75380e+00  9.16500e-01
-1.75850e+00  9.17250e-01
-1.72740e+00  9.05750e-01
-1.73630e+00  9.07700e-01
-1.74170e+00  9.12650e-01
-1.74860e+00  9.15250e-01
-1.73780e+00  9.04850e-01
-1.74170e+00  9.05500e-01
-1.73660e+00  9.07150e-01
-1.73720e+00  9.09700e-01
-1.73300e+00  9.06250e-01
-1.74750e+00  9.14200e-01
-1.73240e+00  9.07550e-01
-1.73520e+00  9.07250e-01
-1.74830e+00  9.13250e-01
-1.74110e+00  9.11250e-01
-1.75650e+00  9.16600e-01
-1.74630e+00  9.12900e-01
-1.73420e+00  9.08850e-01
-1.73080e+00  9.00350e-01
-1.74630e+00  9.12950e-01
-1.75250e+00  9.15100e-01
-1.72760e+00  9.02050e-01
-1.73160e+00  9.07350e-01
-1.74690e+00  9.13300e-01
-1.75880e+00  9.20500e-01
-1.74180e+00  9.11100e-01
-1.72940e+00  8.98750e-01
-1.74100e+00  9.09700e-01
-1.74320e+00  9.08850e-01
-1.74280e+00  9.08200e-01
-1.74130e+00  9.08300e-01
-1.72430e+00  9.01600e-01
-1.74870e+00  9.14750e-01
-1.74780e+00  9.06500e-01
-1.73940e+00  9.05850e-01
-1.73250e+00  9.04150e-01
-1.74720e+00  9.08450e-01
-1.74080e+00  9.09550e-01
-1.74150e+00  9.09900e-01
-1.74330e+00  9.10650e-01
-1.74510e+00  9.12250e-01
-1.75480e+00  9.18450e-01
-1.75990e+00  9.18500e-01
-1.76040e+00  9.19750e-01
-1.74300e+00  9.08700e-01
-1.75490e+00  9.13350e-01
-1.75390e+00  9.15050e-01
-1.73440e+00  9.06450e-01
-1.74820e+00  9.10350e-01
-1.74720e+00  9.13250e-01
-1.74140e+00  9.12000e-01
-1.75670e+00  9.18300e-01
-1.73750e+00  9.06200e-01
-1.76320e+00  9.20100e-01
-1.74190e+00  9.06000e-01
-1.73450e+00  9.07000e-01
-1.74810e+00  9.14000e-01
-1.74960e+00  9.14000e-01
-1.75060e+00  9.09450e-01
-1.73030e+00  9.04450e-01
-1.75500e+00  9.16550e-01
-1.74340e+00  9.11950e-01
-1.74210e+00  9.10950e-01
-1.72680e+00  9.03400e-01
-1.74440e+00  9.12750e-01
-1.73350e+00  9.06050e-01
-1.75470e+00  9.11700e-01
-1.73400e+00  9.06900e-01
-1.74280e+00  9.10700e-01
-1.75410e+00  9.16000e-01
-1.74440e+00  9.11350e-01
-1.74730e+00  9.11800e-01
-1.74710e+00  9.10200e-01
-1.75060e+00  9.16300e-01
-1.75020e+00  9.11800e-01
-1.75850e+00  9.19100e-01
-1.74370e+00  9.08300e-01
-1.75550e+00  9.11300e-01
-1.73460e+00  9.02200e-01
-1.73570e+00  9.05750e-01
-1.73630e+00  9.05050e-01
-1.74100e+00  9.09800e-01
-1.75600e+00  9.15650e-01
-1.73940e+00  9.05700e-01
-1.74460e+00  9.13850e-01
-1.72970e+00  9.08800e-01
-1.74180e+00  9.11700e-01
-1.75680e+00  9.16150e-01
-1.75400e+00  9.15100e-01
-1.74650e+00  9.12000e-01
-1.74740e+00  9.08700e-01
-1.73120e+00  9.05550e-01
-1.73960e+00  9.10550e-01
-1.75760e+00  9.16200e-01
-1.74770e+00  9.14000e-01
-1.76000e+00  9.17450e-01
-1.73700e+00  9.10650e-01
-1.74180e+00  9.07650e-01
-1.74760e+00  9.14300e-01
-1.73880e+00  9.07150e-01
-1.74950e+00  9.09300e-01
-1.75160e+00  9.11250e-01
-1.74290e+00  9.08500e-01
-1.74900e+00  9.15300e-01
-1.73710e+00  9.07950e-01
-1.75590e+00  9.14300e-01
-1.74460e+00  9.13150e-01
-1.73380e+00  9.05650e-01
-1.73260e+00  9.02300e-01
-1.75350e+00  9.13850e-01
-1.75080e+00  9.17050e-01
-1.75910e+00  9.18750e-01
-1.75560e+00  9.18350e-01
-1.75370e+00  9.16600e-01
-1.75300e+00  9.12950e-01
-1.71890e+00  8.98100e-01
-1.75440e+00  9.14350e-01
-1.75720e+00  9.17550e-01
-1.73490e+00  9.04550e-01
-1.74510e+00  9.11300e-01
-1.75170e+00  9.15600e-01
-1.73690e+00  9.07350e-01
-1.74920e+00  9.12450e-01
-1.74320e+00  9.10050e-01
-1.75970e+00  9.16650e-01
-1.73650e+00  9.06400e-01
-1.74940e+00  9.14800e-01
-1.74690e+00  9.06800e-01
-1.74760e+00  9.09800e-01
-1.75370e+00  9.12150e-01
-1.74200e+00  9.08800e-01
-1.74170e+00  9.10500e-01
-1.76140e+00  9.17050e-01
-1.74680e+00  9.13550e-01
-1.73790e+00  9.07300e-01
-1.74730e+00  9.13500e-01
-1.74610e+00  9.13550e-01
-1.75400e+00  9.12700e-01
-1.75220e+00  9.12800e-01
-1.73590e+00  9.09250e-01
-1.74730e+00  9.13600e-01
-1.74090e+00  9.07750e-01
-1.75530e+00  9.19650e-01
-1.74800e+00  9.13550e-01
-1.76700e+00  9.20250e-01
-1.74760e+00  9.11400e-01
-1.75010e+00  9.16400e-01
-1.74800e+00  9.11200e-01
-1.72430e+00  9.00200e-01
-1.75390e+00  9.14300e-01
-1.73790e+00  9.06800e-01
-1.75430e+00  9.14850e-01
-1.75260e+00  9.10700e-01
-1.74270e+00  9.08950e-01
-1.75520e+00  9.15900e-01
-1.73450e+00  9.03550e-01
-1.74620e+00  9.10800e-01
-1.76040e+00  9.19250e-01
-1.73880e+00  9.08100e-01
-1.74690e+00  9.14950e-01
-1.74260e+00  9.10950e-01
-1.73940e+00  9.07900e-01
-1.74500e+00  9.11800e-01
-1.74650e+00  9.14400e-01
-1.76040e+00  9.19100e-01
-1.74600e+00  9.09500e-01
-1.74600e+00  9.11250e-01
-1.74550e+00  9.14600e-01
-1.73920e+00  9.08800e-01
-1.73250e+00  9.07000e-01
-1.74960e+00  9.12950e-01
-1.75650e+00  9.15900e-01
-1.74370e+00  9.07950e-01
-1.73630e+00  8.99800e-01
-1.76600e+00  9.18800e-01
-1.72060e+00  8.94450e-01
-1.73970e+00  9.08050e-01
-1.74700e+00  9.16550e-01
-1.74350e+00  9.10250e-01
-1.74580e+00  9.10950e-01
-1.73830e+00  9.08350e-01
-1.73670e+00  9.07650e-01
-1.73830e+00  9.03450e-01
-1.74670e+00  9.13400e-01
-1.75640e+00  9.16850e-01
-1.74750e+00  9.10250e-01
-1.74760e+00  9.11500e-01
-1.74240e+00  9.07100e-01
-1.75140e+00  9.08050e-01
-1.73400e+00  9.02900e-01
-1.73280e+00  9.08350e-01
-1.73940e+00  9.07050e-01
-1.73860e+00  9.08350e-01
-1.73330e+00  8.98900e-01
-1.75710e+00  9.17250e-01
-1.75840e+00  9.19100e-01
