BlockSize GridSize GPUonly TotalGPU TotalCPU SpeedUp Check
2 10 1123.380371 1185.626343 219.099686 0.184797 
2 100 128.985062 191.429871 219.094406 1.144515 
2 1000 39.259583 101.677719 218.899170 2.152873 
2 10000 33.183582 95.664322 218.891037 2.288116 
4 10 644.669739 707.073547 218.882950 0.309562 
4 100 64.512924 126.961945 218.879654 1.723978 
4 1000 20.539841 82.989792 218.867813 2.637286 
4 10000 17.580641 80.064064 218.883011 2.733848 
8 10 322.407288 384.842407 218.871170 0.568729 
8 100 32.896095 95.385818 218.872543 2.294603 
8 1000 11.271104 73.680710 218.879227 2.970645 
8 10000 9.619072 71.964035 218.858780 3.041224 
16 10 162.312668 224.814880 218.853348 0.973482 
16 100 16.642241 83.462364 303.359222 3.634683 
16 1000 5.722496 68.037025 218.857819 3.216746 
16 10000 4.881120 67.392639 218.871490 3.247706 
32 10 82.543167 145.002304 218.885147 1.509529 
32 100 8.492416 70.976768 218.871674 3.083709 
32 1000 3.060992 65.511009 218.878815 3.341100 
32 10000 2.776128 65.282364 218.869629 3.352661 
64 10 41.333023 103.749146 218.897156 2.109869 
64 100 4.522432 66.970367 218.870651 3.268172 
64 1000 2.474624 64.992508 218.894333 3.367993 
64 10000 2.333632 64.918594 218.876190 3.371548 
128 10 23.855743 86.414009 218.904221 2.533203 
128 100 2.647808 65.121376 218.878845 3.361091 
128 1000 2.273536 64.705536 218.867172 3.382511 
128 10000 2.257440 64.740158 218.878082 3.380870 
256 10 10.501792 72.921852 218.893509 3.001755 
256 100 2.237120 64.723427 218.874023 3.381682 
256 1000 2.295712 64.773438 218.904007 3.379534 
256 10000 2.234400 64.744255 218.890778 3.380852 
512 10 5.544128 68.016289 218.868286 3.217880 
512 100 2.240960 64.686882 218.862457 3.383413 
512 1000 2.318368 64.787872 218.881729 3.378437 
512 10000 2.262464 64.753914 218.862854 3.379917 
1024 10 3.069216 65.503036 218.885056 3.341602 
1024 100 2.260288 64.720284 218.882050 3.381970 
1024 1000 2.286592 64.717888 218.868835 3.381891 
1024 10000 2.706560 65.144157 218.872025 3.359811 