N BlockSize GridSize SSGPU SSGPUerror SSCPU SSCPUerror SpeedUp
65536 2 10 2.42810e-01 1.36063e-03 2.42718e-01 +- 1.36015e-03 2.125
65536 2 100 2.43061e-01 1.36174e-03 2.42621e-01 +- 1.35963e-03 21.166
65536 2 1000 2.42652e-01 1.35966e-03 2.42628e-01 +- 1.35969e-03 19.046
65536 2 10000 2.43089e-01 1.36238e-03 2.43138e-01 +- 1.36279e-03 2.271
65536 2 100000 nan nan nan nan nan
65536 4 10 2.42931e-01 1.36150e-03 2.43185e-01 +- 1.36285e-03 7.298
65536 4 100 2.43293e-01 1.36340e-03 2.43359e-01 +- 1.36402e-03 26.271
65536 4 1000 2.42932e-01 1.36136e-03 2.42851e-01 +- 1.36087e-03 15.496
65536 4 10000 nan nan nan nan nan
65536 4 100000 nan nan nan nan nan
65536 8 10 2.43182e-01 1.36271e-03 2.42552e-01 +- 1.35934e-03 13.273
65536 8 100 2.43229e-01 1.36317e-03 2.43172e-01 +- 1.36286e-03 32.949
65536 8 1000 2.42834e-01 1.36070e-03 2.42538e-01 +- 1.35910e-03 13.817
65536 8 10000 nan nan nan nan nan
65536 8 100000 nan nan nan nan nan
65536 16 10 2.43059e-01 1.36174e-03 2.43004e-01 +- 1.36183e-03 19.945
65536 16 100 2.42751e-01 1.36027e-03 2.42556e-01 +- 1.35941e-03 38.369
65536 16 1000 2.43117e-01 1.36247e-03 2.42741e-01 +- 1.36013e-03 12.572
65536 16 10000 nan nan nan nan nan
65536 16 100000 nan nan nan nan nan
65536 32 10 2.43101e-01 1.36215e-03 2.42935e-01 +- 1.36141e-03 27.679
65536 32 100 2.42712e-01 1.35996e-03 2.42673e-01 +- 1.35995e-03 37.478
65536 32 1000 2.42829e-01 1.36071e-03 2.42894e-01 +- 1.36122e-03 8.874
65536 32 10000 nan nan nan nan nan
65536 32 100000 nan nan nan nan nan
65536 64 10 2.43033e-01 1.36209e-03 2.43300e-01 +- 1.36394e-03 32.095
65536 64 100 2.42664e-01 1.35976e-03 2.43091e-01 +- 1.36248e-03 32.573
65536 64 1000 nan nan nan nan nan
65536 64 10000 nan nan nan nan nan
65536 64 100000 nan nan nan nan nan
65536 128 10 2.42831e-01 1.36077e-03 2.42422e-01 +- 1.35848e-03 41.069
65536 128 100 2.42987e-01 1.36155e-03 2.42802e-01 +- 1.36073e-03 20.606
65536 128 1000 nan nan nan nan nan
65536 128 10000 nan nan nan nan nan
65536 128 100000 nan nan nan nan nan
65536 256 10 2.42682e-01 1.35986e-03 2.43314e-01 +- 1.36378e-03 40.657
65536 256 100 2.42944e-01 1.36149e-03 2.42409e-01 +- 1.35829e-03 9.816
65536 256 1000 nan nan nan nan nan
65536 256 10000 nan nan nan nan nan
65536 256 100000 nan nan nan nan nan
65536 512 10 2.42723e-01 1.36012e-03 2.42654e-01 +- 1.36000e-03 33.485
65536 512 100 nan nan nan nan nan
65536 512 1000 nan nan nan nan nan
65536 512 10000 nan nan nan nan nan
65536 512 100000 nan nan nan nan nan
65536 1024 10 2.42900e-01 1.36110e-03 2.43019e-01 +- 1.36189e-03 21.375
65536 1024 100 nan nan nan nan nan
65536 1024 1000 nan nan nan nan nan
65536 1024 10000 nan nan nan nan nan
65536 1024 100000 nan nan nan nan nan
