N BlockSize GridSize MAGPU MAGPUerror MACPU MACPUerror SpeedUp
65536 2 10 2.42803e-01 1.34267e-03 2.42811e-01 +- 1.34273e-03 6.411
65536 2 100 2.42892e-01 1.34316e-03 2.42791e-01 +- 1.34260e-03 57.584
65536 2 1000 2.42745e-01 1.34233e-03 2.42700e-01 +- 1.34211e-03 64.114
65536 2 10000 2.42950e-01 1.34344e-03 2.42807e-01 +- 1.34271e-03 9.390
65536 2 100000 nan nan nan nan nan
65536 4 10 2.42784e-01 1.34257e-03 2.42844e-01 +- 1.34289e-03 14.995
65536 4 100 2.42754e-01 1.34240e-03 2.42811e-01 +- 1.34270e-03 88.520
65536 4 1000 2.42698e-01 1.34207e-03 2.42847e-01 +- 1.34291e-03 64.869
65536 4 10000 2.43152e-01 1.34453e-03 2.42812e-01 +- 1.34269e-03 6.114
65536 4 100000 nan nan nan nan nan
65536 8 10 2.42817e-01 1.34274e-03 2.42768e-01 +- 1.34247e-03 28.121
65536 8 100 2.42924e-01 1.34336e-03 2.42818e-01 +- 1.34277e-03 116.223
65536 8 1000 2.42960e-01 1.34352e-03 2.42853e-01 +- 1.34295e-03 61.690
65536 8 10000 nan nan nan nan nan
65536 8 100000 nan nan nan nan nan
65536 16 10 2.42948e-01 1.34348e-03 2.42783e-01 +- 1.34255e-03 50.325
65536 16 100 2.42881e-01 1.34310e-03 2.42905e-01 +- 1.34324e-03 141.497
65536 16 1000 2.42971e-01 1.34357e-03 2.42842e-01 +- 1.34289e-03 54.733
65536 16 10000 nan nan nan nan nan
65536 16 100000 nan nan nan nan nan
65536 32 10 2.42954e-01 1.34352e-03 2.42816e-01 +- 1.34275e-03 79.550
65536 32 100 2.42851e-01 1.34292e-03 2.42748e-01 +- 1.34237e-03 143.032
65536 32 1000 2.43005e-01 1.34372e-03 2.42942e-01 +- 1.34344e-03 38.453
65536 32 10000 nan nan nan nan nan
65536 32 100000 nan nan nan nan nan
65536 64 10 2.42868e-01 1.34302e-03 2.42763e-01 +- 1.34246e-03 111.010
65536 64 100 2.42996e-01 1.34372e-03 2.42678e-01 +- 1.34198e-03 134.064
65536 64 1000 2.43221e-01 1.34488e-03 2.42899e-01 +- 1.34320e-03 16.740
65536 64 10000 nan nan nan nan nan
65536 64 100000 nan nan nan nan nan
65536 128 10 2.42908e-01 1.34323e-03 2.42818e-01 +- 1.34275e-03 131.731
65536 128 100 2.42926e-01 1.34331e-03 2.42975e-01 +- 1.34362e-03 98.051
65536 128 1000 nan nan nan nan nan
65536 128 10000 nan nan nan nan nan
65536 128 100000 nan nan nan nan nan
65536 256 10 2.42981e-01 1.34366e-03 2.42893e-01 +- 1.34317e-03 144.331
65536 256 100 2.42916e-01 1.34323e-03 2.42693e-01 +- 1.34206e-03 43.373
65536 256 1000 nan nan nan nan nan
65536 256 10000 nan nan nan nan nan
65536 256 100000 nan nan nan nan nan
65536 512 10 2.42827e-01 1.34281e-03 2.42798e-01 +- 1.34263e-03 123.318
65536 512 100 2.43134e-01 1.34442e-03 2.42728e-01 +- 1.34225e-03 21.647
65536 512 1000 nan nan nan nan nan
65536 512 10000 nan nan nan nan nan
65536 512 100000 nan nan nan nan nan
65536 1024 10 2.42887e-01 1.34312e-03 2.42742e-01 +- 1.34235e-03 100.346
65536 1024 100 nan nan nan nan nan
65536 1024 1000 nan nan nan nan nan
65536 1024 10000 nan nan nan nan nan
65536 1024 100000 nan nan nan nan nan
