N BlockSize GridSize MAGPU MAGPUerror MACPU MACPUerror SpeedUp
65536 2 10 2.42847e-01 1.34293e-03 2.42811e-01 +- 1.34273e-03 7.930
65536 2 100 2.42855e-01 1.34295e-03 2.42791e-01 +- 1.34260e-03 82.593
65536 2 1000 2.42812e-01 1.34272e-03 2.42700e-01 +- 1.34211e-03 64.253
65536 2 10000 2.43007e-01 1.34375e-03 2.42807e-01 +- 1.34271e-03 9.479
65536 2 100000 nan nan nan nan nan
65536 4 10 2.42921e-01 1.34333e-03 2.42844e-01 +- 1.34289e-03 27.212
65536 4 100 2.42834e-01 1.34283e-03 2.42811e-01 +- 1.34270e-03 101.181
65536 4 1000 2.42878e-01 1.34308e-03 2.42847e-01 +- 1.34291e-03 62.563
65536 4 10000 nan nan nan nan nan
65536 4 100000 nan nan nan nan nan
65536 8 10 2.42794e-01 1.34264e-03 2.42812e-01 +- 1.34269e-03 46.444
65536 8 100 2.42875e-01 1.34306e-03 2.42768e-01 +- 1.34247e-03 114.576
65536 8 1000 2.43129e-01 1.34442e-03 2.42818e-01 +- 1.34277e-03 55.171
65536 8 10000 nan nan nan nan nan
65536 8 100000 nan nan nan nan nan
65536 16 10 2.42798e-01 1.34265e-03 2.42853e-01 +- 1.34295e-03 77.588
65536 16 100 2.42911e-01 1.34326e-03 2.42783e-01 +- 1.34255e-03 138.542
65536 16 1000 2.43109e-01 1.34429e-03 2.42905e-01 +- 1.34324e-03 52.245
65536 16 10000 nan nan nan nan nan
65536 16 100000 nan nan nan nan nan
65536 32 10 2.42801e-01 1.34267e-03 2.42842e-01 +- 1.34289e-03 105.961
65536 32 100 2.42870e-01 1.34303e-03 2.42816e-01 +- 1.34275e-03 117.577
65536 32 1000 2.43255e-01 1.34508e-03 2.42748e-01 +- 1.34237e-03 35.007
65536 32 10000 nan nan nan nan nan
65536 32 100000 nan nan nan nan nan
65536 64 10 2.43049e-01 1.34402e-03 2.42942e-01 +- 1.34344e-03 127.155
65536 64 100 2.42860e-01 1.34296e-03 2.42763e-01 +- 1.34246e-03 128.333
65536 64 1000 nan nan nan nan nan
65536 64 10000 nan nan nan nan nan
65536 64 100000 nan nan nan nan nan
65536 128 10 2.42885e-01 1.34312e-03 2.42678e-01 +- 1.34198e-03 139.245
65536 128 100 2.42966e-01 1.34352e-03 2.42899e-01 +- 1.34320e-03 80.954
65536 128 1000 nan nan nan nan nan
65536 128 10000 nan nan nan nan nan
65536 128 100000 nan nan nan nan nan
65536 256 10 2.42877e-01 1.34307e-03 2.42818e-01 +- 1.34275e-03 139.073
65536 256 100 2.43171e-01 1.34462e-03 2.42975e-01 +- 1.34362e-03 40.246
65536 256 1000 nan nan nan nan nan
65536 256 10000 nan nan nan nan nan
65536 256 100000 nan nan nan nan nan
65536 512 10 2.42842e-01 1.34286e-03 2.42893e-01 +- 1.34317e-03 106.651
65536 512 100 nan nan nan nan nan
65536 512 1000 nan nan nan nan nan
65536 512 10000 nan nan nan nan nan
65536 512 100000 nan nan nan nan nan
65536 1024 10 2.42976e-01 1.34358e-03 2.42693e-01 +- 1.34206e-03 87.446
65536 1024 100 nan nan nan nan nan
65536 1024 1000 nan nan nan nan nan
65536 1024 10000 nan nan nan nan nan
65536 1024 100000 nan nan nan nan nan
