N BlockSize GridSize SSGPU SSGPUerror SSCPU SSCPUerror SpeedUp
65536 2 10 2.42935e-01 1.36148e-03 2.42718e-01 +- 1.36015e-03 1.687
65536 2 100 2.43183e-01 1.36296e-03 2.42621e-01 +- 1.35963e-03 15.858
65536 2 1000 2.42829e-01 1.36053e-03 2.42628e-01 +- 1.35969e-03 17.674
65536 2 10000 2.42693e-01 1.35984e-03 2.43138e-01 +- 1.36279e-03 2.326
65536 2 100000 nan nan nan nan nan
65536 4 10 2.42591e-01 1.35930e-03 2.43185e-01 +- 1.36285e-03 4.136
65536 4 100 2.43086e-01 1.36210e-03 2.43359e-01 +- 1.36402e-03 25.420
65536 4 1000 2.42753e-01 1.36014e-03 2.42851e-01 +- 1.36087e-03 16.938
65536 4 10000 2.42427e-01 1.35816e-03 2.42552e-01 +- 1.35934e-03 1.546
65536 4 100000 nan nan nan nan nan
65536 8 10 2.42920e-01 1.36131e-03 2.43172e-01 +- 1.36286e-03 7.675
65536 8 100 2.43062e-01 1.36213e-03 2.42538e-01 +- 1.35910e-03 34.463
65536 8 1000 2.43090e-01 1.36208e-03 2.43004e-01 +- 1.36183e-03 15.314
65536 8 10000 nan nan nan nan nan
65536 8 100000 nan nan nan nan nan
65536 16 10 2.42812e-01 1.36077e-03 2.42556e-01 +- 1.35941e-03 14.109
65536 16 100 2.42954e-01 1.36152e-03 2.42741e-01 +- 1.36013e-03 41.893
65536 16 1000 2.42733e-01 1.36004e-03 2.42935e-01 +- 1.36141e-03 13.198
65536 16 10000 nan nan nan nan nan
65536 16 100000 nan nan nan nan nan
65536 32 10 2.43044e-01 1.36186e-03 2.42673e-01 +- 1.35995e-03 22.863
65536 32 100 2.43208e-01 1.36299e-03 2.42894e-01 +- 1.36122e-03 43.796
65536 32 1000 2.43084e-01 1.36207e-03 2.43300e-01 +- 1.36394e-03 9.329
65536 32 10000 nan nan nan nan nan
65536 32 100000 nan nan nan nan nan
65536 64 10 2.42985e-01 1.36172e-03 2.43091e-01 +- 1.36248e-03 32.334
65536 64 100 2.43072e-01 1.36207e-03 2.42422e-01 +- 1.35848e-03 37.892
65536 64 1000 2.42734e-01 1.36009e-03 2.42802e-01 +- 1.36073e-03 4.045
65536 64 10000 nan nan nan nan nan
65536 64 100000 nan nan nan nan nan
65536 128 10 2.42920e-01 1.36143e-03 2.43314e-01 +- 1.36378e-03 36.620
65536 128 100 2.42924e-01 1.36107e-03 2.42409e-01 +- 1.35829e-03 24.381
65536 128 1000 nan nan nan nan nan
65536 128 10000 nan nan nan nan nan
65536 128 100000 nan nan nan nan nan
65536 256 10 2.43081e-01 1.36242e-03 2.42654e-01 +- 1.36000e-03 43.999
65536 256 100 2.42954e-01 1.36136e-03 2.43019e-01 +- 1.36189e-03 11.062
65536 256 1000 nan nan nan nan nan
65536 256 10000 nan nan nan nan nan
65536 256 100000 nan nan nan nan nan
65536 512 10 2.43303e-01 1.36345e-03 2.42990e-01 +- 1.36171e-03 35.286
65536 512 100 2.42853e-01 1.36079e-03 2.42490e-01 +- 1.35882e-03 5.020
65536 512 1000 nan nan nan nan nan
65536 512 10000 nan nan nan nan nan
65536 512 100000 nan nan nan nan nan
65536 1024 10 2.43055e-01 1.36191e-03 2.42718e-01 +- 1.35994e-03 22.893
65536 1024 100 nan nan nan nan nan
65536 1024 1000 nan nan nan nan nan
65536 1024 10000 nan nan nan nan nan
65536 1024 100000 nan nan nan nan nan
